shape_id,shape_pt_lat,shape_pt_lon,shape_pt_sequence
A0,-34.6088132176,-58.370865583400004,1
A0,-34.6085394761,-58.3720564842,2
A0,-34.6084798709,-58.372567445,3
A0,-34.6084776633,-58.37313205,4
A0,-34.6085041545,-58.3735477924,5
A0,-34.6086807621,-58.3760154247,6
A0,-34.608848539,-58.378375768699996,7
A0,-34.609007485300005,-58.3807253838,8
A0,-34.609184091799996,-58.3835148811,9
A0,-34.6093253768,-58.3851141483,10
A0,-34.6093960192,-58.3857223392,11
A0,-34.6094313404,-58.386400938,12
A0,-34.6094445858,-58.387465775,13
A0,-34.6090869582,-58.388890028,14
A0,-34.609184091799996,-58.390928506899996,15
A0,-34.6092635646,-58.3929777145,16
A0,-34.609378358600004,-58.394844532,17
A0,-34.609590285500005,-58.3975160122,18
A0,-34.609775721,-58.4002196789,19
A0,-34.6099346655,-58.4029448032,20
A0,-34.6100340056,-58.4055411816,21
A0,-34.6097183244,-58.4066194296,22
A0,-34.6094909448,-58.40746700760001,23
A0,-34.6094197506,-58.407683596000005,24
A0,-34.6094412744,-58.407948464200004,25
A0,-34.6095770401,-58.408408463,26
A0,-34.6098927218,-58.409229219,27
A0,-34.610177496700004,-58.4102806449,28
A0,-34.6103496857,-58.4115439653,29
A0,-34.610638874,-58.4130969644,30
A0,-34.610720553,-58.4144675732,31
A0,-34.6107845716,-58.414966463999995,32
A0,-34.6108817032,-58.4158220887,33
A0,-34.610903778499996,-58.4164685011,34
A0,-34.6109148162,-58.4169667214,35
A0,-34.6109241982,-58.4171135724,36
A0,-34.610937443400005,-58.4173133969,37
A0,-34.6109528961,-58.4174850583,38
A0,-34.6109600706,-58.417590335,39
A0,-34.6109815941,-58.4178699553,40
A0,-34.6110036694,-58.418166339399995,41
A0,-34.611011947600005,-58.4182984382,42
A0,-34.6110279522,-58.41849759220001,43
A0,-34.6110555463,-58.4188429266,44
A0,-34.6110765179,-58.4191010892,45
A0,-34.6111008007,-58.419390097299996,46
A0,-34.6111267391,-58.4197186679,47
A0,-34.6111532295,-58.4198340029,48
A0,-34.611183031100005,-58.419958725600004,49
A0,-34.611226077800005,-58.4201525152,50
A0,-34.6112740915,-58.420359045299996,51
A0,-34.6113303834,-58.4206111729,52
A0,-34.6113496992,-58.4206916392,53
A0,-34.6114076466,-58.4208619595,54
A0,-34.6114468301,-58.4209772944,55
A0,-34.6114672496,-58.421038985299994,56
A0,-34.6115235414,-58.42120528220001,57
A0,-34.6115919744,-58.4213548154,58
A0,-34.6116769637,-58.421539887799995,59
A0,-34.611756985999996,-58.4217142314,60
A0,-34.6118276263,-58.4218664467,61
A0,-34.611896611,-58.4220179915,62
A0,-34.6119495911,-58.4221353382,63
A0,-34.6120246463,-58.4222996235,64
A0,-34.6120798339,-58.4224169701,65
A0,-34.6122034539,-58.4226737916,66
A0,-34.6122994801,-58.4228776395,67
A0,-34.6123993693,-58.4230841696,68
A0,-34.6125825911,-58.4234704077,69
A0,-34.6127194553,-58.423785567299994,70
A0,-34.6129004689,-58.4242120385,71
A0,-34.6130196728,-58.4244936705,72
A0,-34.6131289429,-58.4247578681,73
A0,-34.6132514576,-58.42504486439999,74
A0,-34.6133805946,-58.425343930699995,75
A0,-34.6135119389,-58.4256483614,76
A0,-34.61366315,-58.4259916842,77
A0,-34.613773523,-58.4262424707,78
A0,-34.613873962199996,-58.426466435200005,79
A0,-34.6139898536,-58.4267252684,80
A0,-34.6141465825,-58.4270806611,81
A0,-34.6142955851,-58.4274172783,82
A0,-34.6144158907,-58.4276868403,83
A0,-34.6146752645,-58.428278267399996,84
A0,-34.6149313264,-58.4288562834,85
A0,-34.6151035055,-58.429247885900004,86
A0,-34.6153330771,-58.4297628701,87
A0,-34.6154544849,-58.4300324321,88
A0,-34.6155792037,-58.430328816199996,89
A0,-34.6156928852,-58.4305970371,90
A0,-34.6158562331,-58.43100205060001,91
A0,-34.6161376764,-58.4316310287,92
A0,-34.6164312594,-58.4322398901,93
A0,-34.616651997800005,-58.4326770902,94
A0,-34.616762366799996,-58.4329238534,95
A0,-34.6169058462,-58.4332591295,96
A0,-34.6172060486,-58.433951139499996,97
A0,-34.6174179555,-58.434498310100004,98
A0,-34.6175857147,-58.434895276999995,99
A0,-34.6183273831,-58.4364402294,100
A0,-34.618808580999996,-58.4376364946,101
A0,-34.6190469717,-58.4381246567,102
A0,-34.6197709686,-58.439766168599995,103
A0,-34.6205435193,-58.441482782399994,104
A0,-34.621130653099996,-58.442893624300005,105
A0,-34.6214396692,-58.4437251091,106
A0,-34.6219694084,-58.4447604418,107
A0,-34.6223667105,-58.445688486099996,108
A0,-34.624105988800004,-58.4500980377,109
A0,-34.6256510024,-58.4540945292,110
A0,-34.6266927667,-58.456751257200004,111
A0,-34.6271253599,-58.4578201175,112
A0,-34.6275667793,-58.4588809311,113
A0,-34.6279226719,-58.4597270004,114
A0,-34.62819028,-58.460455052600004,115
A0,-34.628413746,-58.4611026384,116
A0,-34.6285930701,-58.4617073089,117
A0,-34.628966476799995,-58.4632180212,118
A0,-34.629119177199996,-58.4637309518,119
A0,-34.6296717653,-58.465497102600004,120
A0,-34.629761701999996,-58.4659073129,121
A0,-34.6302017279,-58.4677136969,122
A0,-34.6306594075,-58.46940206359999,123
A0,-34.6311090843,-58.4711453319,124
A1,-34.6311090843,-58.4711453319,1
A1,-34.6306594075,-58.46940206359999,2
A1,-34.6302017279,-58.4677136969,3
A1,-34.629761701999996,-58.4659073129,4
A1,-34.6296717653,-58.465497102600004,5
A1,-34.629119177199996,-58.4637309518,6
A1,-34.628966476799995,-58.4632180212,7
A1,-34.6285930701,-58.4617073089,8
A1,-34.628413746,-58.4611026384,9
A1,-34.62819028,-58.460455052600004,10
A1,-34.6279226719,-58.4597270004,11
A1,-34.6275667793,-58.4588809311,12
A1,-34.6271253599,-58.4578201175,13
A1,-34.6266927667,-58.456751257200004,14
A1,-34.6256510024,-58.4540945292,15
A1,-34.624105988800004,-58.4500980377,16
A1,-34.6223667105,-58.445688486099996,17
A1,-34.6219694084,-58.4447604418,18
A1,-34.6214396692,-58.4437251091,19
A1,-34.621130653099996,-58.442893624300005,20
A1,-34.6205435193,-58.441482782399994,21
A1,-34.6197709686,-58.439766168599995,22
A1,-34.6190469717,-58.4381246567,23
A1,-34.618808580999996,-58.4376364946,24
A1,-34.6183273831,-58.4364402294,25
A1,-34.6175857147,-58.434895276999995,26
A1,-34.6174179555,-58.434498310100004,27
A1,-34.6172060486,-58.433951139499996,28
A1,-34.6169058462,-58.4332591295,29
A1,-34.616762366799996,-58.4329238534,30
A1,-34.616651997800005,-58.4326770902,31
A1,-34.6164312594,-58.4322398901,32
A1,-34.6161376764,-58.4316310287,33
A1,-34.6158562331,-58.43100205060001,34
A1,-34.6156928852,-58.4305970371,35
A1,-34.6155792037,-58.430328816199996,36
A1,-34.6154544849,-58.4300324321,37
A1,-34.6153330771,-58.4297628701,38
A1,-34.6151035055,-58.429247885900004,39
A1,-34.6149313264,-58.4288562834,40
A1,-34.6146752645,-58.428278267399996,41
A1,-34.6144158907,-58.4276868403,42
A1,-34.6142955851,-58.4274172783,43
A1,-34.6141465825,-58.4270806611,44
A1,-34.6139898536,-58.4267252684,45
A1,-34.613873962199996,-58.426466435200005,46
A1,-34.613773523,-58.4262424707,47
A1,-34.61366315,-58.4259916842,48
A1,-34.6135119389,-58.4256483614,49
A1,-34.6133805946,-58.425343930699995,50
A1,-34.6132514576,-58.42504486439999,51
A1,-34.6131289429,-58.4247578681,52
A1,-34.6130196728,-58.4244936705,53
A1,-34.6129004689,-58.4242120385,54
A1,-34.6127194553,-58.423785567299994,55
A1,-34.6125825911,-58.4234704077,56
A1,-34.6123993693,-58.4230841696,57
A1,-34.6122994801,-58.4228776395,58
A1,-34.6122034539,-58.4226737916,59
A1,-34.6120798339,-58.4224169701,60
A1,-34.6120246463,-58.4222996235,61
A1,-34.6119495911,-58.4221353382,62
A1,-34.611896611,-58.4220179915,63
A1,-34.6118276263,-58.4218664467,64
A1,-34.611756985999996,-58.4217142314,65
A1,-34.6116769637,-58.421539887799995,66
A1,-34.6115919744,-58.4213548154,67
A1,-34.6115235414,-58.42120528220001,68
A1,-34.6114672496,-58.421038985299994,69
A1,-34.6114468301,-58.4209772944,70
A1,-34.6114076466,-58.4208619595,71
A1,-34.6113496992,-58.4206916392,72
A1,-34.6113303834,-58.4206111729,73
A1,-34.6112740915,-58.420359045299996,74
A1,-34.611226077800005,-58.4201525152,75
A1,-34.611183031100005,-58.419958725600004,76
A1,-34.6111532295,-58.4198340029,77
A1,-34.6111267391,-58.4197186679,78
A1,-34.6111008007,-58.419390097299996,79
A1,-34.6110765179,-58.4191010892,80
A1,-34.6110555463,-58.4188429266,81
A1,-34.6110279522,-58.41849759220001,82
A1,-34.611011947600005,-58.4182984382,83
A1,-34.6110036694,-58.418166339399995,84
A1,-34.6109815941,-58.4178699553,85
A1,-34.6109600706,-58.417590335,86
A1,-34.6109528961,-58.4174850583,87
A1,-34.610937443400005,-58.4173133969,88
A1,-34.6109241982,-58.4171135724,89
A1,-34.6109148162,-58.4169667214,90
A1,-34.610903778499996,-58.4164685011,91
A1,-34.6108817032,-58.4158220887,92
A1,-34.6107845716,-58.414966463999995,93
A1,-34.610720553,-58.4144675732,94
A1,-34.610638874,-58.4130969644,95
A1,-34.6103496857,-58.4115439653,96
A1,-34.610177496700004,-58.4102806449,97
A1,-34.6098927218,-58.409229219,98
A1,-34.6095770401,-58.408408463,99
A1,-34.6094412744,-58.407948464200004,100
A1,-34.6094197506,-58.407683596000005,101
A1,-34.6094909448,-58.40746700760001,102
A1,-34.6097183244,-58.4066194296,103
A1,-34.6100340056,-58.4055411816,104
A1,-34.6099346655,-58.4029448032,105
A1,-34.609775721,-58.4002196789,106
A1,-34.609590285500005,-58.3975160122,107
A1,-34.609378358600004,-58.394844532,108
A1,-34.6092635646,-58.3929777145,109
A1,-34.609184091799996,-58.390928506899996,110
A1,-34.6090869582,-58.388890028,111
A1,-34.6094445858,-58.387465775,112
A1,-34.6094313404,-58.386400938,113
A1,-34.6093960192,-58.3857223392,114
A1,-34.6093253768,-58.3851141483,115
A1,-34.609184091799996,-58.3835148811,116
A1,-34.609007485300005,-58.3807253838,117
A1,-34.608848539,-58.378375768699996,118
A1,-34.6086807621,-58.3760154247,119
A1,-34.6085041545,-58.3735477924,120
A1,-34.6084776633,-58.37313205,121
A1,-34.6084798709,-58.372567445,122
A1,-34.6085394761,-58.3720564842,123
A1,-34.6088132176,-58.370865583400004,124
B0,-34.6029673149,-58.369921445799996,1
B0,-34.6032410748,-58.3738052845,2
B0,-34.603364708,-58.3760476112,3
B0,-34.6035501575,-58.3791160583,4
B0,-34.603656128400004,-58.380489349399994,5
B0,-34.603683725,-58.3809144795,6
B0,-34.6036892443,-58.3813610673,7
B0,-34.6037223602,-58.381999433000004,8
B0,-34.6041683194,-58.3888685703,9
B0,-34.604459737,-58.3919906616,10
B0,-34.6044773987,-58.394007682799995,11
B0,-34.604565706799995,-58.397462368,12
B0,-34.6047511536,-58.4036207199,13
B0,-34.604689338,-58.4040927887,14
B0,-34.6045833684,-58.405412435500004,15
B0,-34.6044950603,-58.406496048,16
B0,-34.6041241651,-58.408920764899996,17
B0,-34.6040093639,-58.4103691578,18
B0,-34.604194811999996,-58.413276672399995,19
B0,-34.6038504081,-58.4156262875,20
B0,-34.6035236647,-58.4173536301,21
B0,-34.602870174,-58.424091339099995,22
B0,-34.6020400568,-58.4322237968,23
B0,-34.5998322579,-58.4388756752,24
B0,-34.5976244003,-58.4412145615,25
B0,-34.5950455484,-58.4439826012,26
B0,-34.5916893882,-58.4476733208,27
B0,-34.590185696199995,-58.4493201971,28
B0,-34.589208613000004,-58.4505084157,29
B0,-34.5888586267,-58.4510850906,30
B0,-34.5884015447,-58.4519514441,31
B0,-34.588032785799996,-58.452866077399996,32
B0,-34.5871627733,-58.4552961588,33
B0,-34.5870302833,-58.455768227600004,34
B0,-34.5864274511,-58.457621634,35
B0,-34.5857362865,-58.459625244099996,36
B0,-34.5852239819,-58.4620285034,37
B0,-34.585034075,-58.463444709799994,38
B0,-34.5846459792,-58.4647177532,39
B0,-34.5839796425,-58.4666774422,40
B0,-34.5831813565,-58.469196706999995,41
B0,-34.5827402532,-58.470656164,42
B0,-34.5822436642,-58.472029622600004,43
B0,-34.5818309879,-58.4733816236,44
B0,-34.5816686772,-58.4739509225,45
B0,-34.5799682604,-58.4754663706,46
B0,-34.5791047887,-58.4789747,47
B0,-34.5784533143,-58.480074405699995,48
B0,-34.577444071,-58.4814745188,49
B0,-34.5766170124,-58.4827807546,50
B0,-34.5755646816,-58.4843015671,51
B0,-34.5746945386,-58.4858036041,52
B0,-34.5739524806,-58.4868013859,53
B1,-34.5739524806,-58.4868013859,1
B1,-34.5746945386,-58.4858036041,2
B1,-34.5755646816,-58.4843015671,3
B1,-34.5766170124,-58.4827807546,4
B1,-34.577444071,-58.4814745188,5
B1,-34.5784533143,-58.480074405699995,6
B1,-34.5791047887,-58.4789747,7
B1,-34.5799682604,-58.4754663706,8
B1,-34.5816686772,-58.4739509225,9
B1,-34.5818309879,-58.4733816236,10
B1,-34.5822436642,-58.472029622600004,11
B1,-34.5827402532,-58.470656164,12
B1,-34.5831813565,-58.469196706999995,13
B1,-34.5839796425,-58.4666774422,14
B1,-34.5846459792,-58.4647177532,15
B1,-34.585034075,-58.463444709799994,16
B1,-34.5852239819,-58.4620285034,17
B1,-34.5857362865,-58.459625244099996,18
B1,-34.5864274511,-58.457621634,19
B1,-34.5870302833,-58.455768227600004,20
B1,-34.5871627733,-58.4552961588,21
B1,-34.588032785799996,-58.452866077399996,22
B1,-34.5884015447,-58.4519514441,23
B1,-34.5888586267,-58.4510850906,24
B1,-34.589208613000004,-58.4505084157,25
B1,-34.590185696199995,-58.4493201971,26
B1,-34.5916893882,-58.4476733208,27
B1,-34.5950455484,-58.4439826012,28
B1,-34.5976244003,-58.4412145615,29
B1,-34.5998322579,-58.4388756752,30
B1,-34.6020400568,-58.4322237968,31
B1,-34.602870174,-58.424091339099995,32
B1,-34.6035236647,-58.4173536301,33
B1,-34.6038504081,-58.4156262875,34
B1,-34.604194811999996,-58.413276672399995,35
B1,-34.6040093639,-58.4103691578,36
B1,-34.6041241651,-58.408920764899996,37
B1,-34.6044950603,-58.406496048,38
B1,-34.6045833684,-58.405412435500004,39
B1,-34.604689338,-58.4040927887,40
B1,-34.6047511536,-58.4036207199,41
B1,-34.604565706799995,-58.397462368,42
B1,-34.6044773987,-58.394007682799995,43
B1,-34.604459737,-58.3919906616,44
B1,-34.6041683194,-58.3888685703,45
B1,-34.6037223602,-58.381999433000004,46
B1,-34.6036892443,-58.3813610673,47
B1,-34.603683725,-58.3809144795,48
B1,-34.603656128400004,-58.380489349399994,49
B1,-34.6035501575,-58.3791160583,50
B1,-34.603364708,-58.3760476112,51
B1,-34.6032410748,-58.3738052845,52
B1,-34.6029673149,-58.369921445799996,53
C0,-34.5915039123,-58.3744704723,1
C0,-34.5932879972,-58.3759510517,2
C0,-34.5944626461,-58.376865685,3
C0,-34.5948799515,-58.377274721899994,4
C0,-34.5952530959,-58.3776301146,5
C0,-34.5955092177,-58.3778634667,6
C0,-34.595884567199995,-58.3781772852,7
C0,-34.5963703111,-58.378429412799996,8
C0,-34.5976729738,-58.37838113310001,9
C0,-34.5989402905,-58.378273844700004,10
C0,-34.6002120035,-58.3782309294,11
C0,-34.6016073329,-58.3781558275,12
C0,-34.6027377091,-58.3781075478,13
C0,-34.6032154098,-58.3781011775,14
C0,-34.6035959679,-58.3780626208,15
C0,-34.6039014617,-58.3780830726,16
C0,-34.6042069544,-58.3781088889,17
C0,-34.6044956122,-58.3781819791,18
C0,-34.6046024098,-58.378242664,19
C0,-34.604689338,-58.37835699319999,20
C0,-34.604736527600004,-58.3784579113,21
C0,-34.6047682633,-58.378601744799994,22
C0,-34.6047875806,-58.378932327,23
C0,-34.604817384499995,-58.3794003725,24
C0,-34.604839875399996,-58.3800081443,25
C0,-34.6050124894,-58.3803262375,26
C0,-34.6051766862,-58.38051717729999,27
C0,-34.605469756,-58.380668386800004,28
C0,-34.6057953879,-58.380799144499996,29
C0,-34.6061552373,-58.3808460832,30
C0,-34.6083407921,-58.3807146549,31
C0,-34.6118419751,-58.380553722399995,32
C0,-34.6145969006,-58.3804035187,33
C0,-34.6167866479,-58.3802747726,34
C0,-34.6194001417,-58.3801674843,35
C0,-34.6220841847,-58.3799958229,36
C0,-34.6226028837,-58.37996363640001,37
C0,-34.6229361737,-58.3799260855,38
C0,-34.6234460385,-58.3798677474,39
C0,-34.6238157438,-58.38007997720001,40
C0,-34.6241368894,-58.380404859799995,41
C0,-34.624445894299996,-58.380690515,42
C0,-34.6248784992,-58.3810096979,43
C0,-34.625505330900005,-58.381374478299996,44
C0,-34.625774602199996,-58.3814549446,45
C0,-34.626116708000005,-58.3815059066,46
C0,-34.626632071100005,-58.38148579,47
C0,-34.6270150047,-58.3814817667,48
C0,-34.6276020927,-58.3814442158,49
C1,-34.6276020927,-58.3814442158,1
C1,-34.6270150047,-58.3814817667,2
C1,-34.626632071100005,-58.38148579,3
C1,-34.626116708000005,-58.3815059066,4
C1,-34.625774602199996,-58.3814549446,5
C1,-34.625505330900005,-58.381374478299996,6
C1,-34.6248784992,-58.3810096979,7
C1,-34.624445894299996,-58.380690515,8
C1,-34.6241368894,-58.380404859799995,9
C1,-34.6238157438,-58.38007997720001,10
C1,-34.6234460385,-58.3798677474,11
C1,-34.6229361737,-58.3799260855,12
C1,-34.6226028837,-58.37996363640001,13
C1,-34.6220841847,-58.3799958229,14
C1,-34.6194001417,-58.3801674843,15
C1,-34.6167866479,-58.3802747726,16
C1,-34.6145969006,-58.3804035187,17
C1,-34.6118419751,-58.380553722399995,18
C1,-34.6083407921,-58.3807146549,19
C1,-34.6061552373,-58.3808460832,20
C1,-34.6057953879,-58.380799144499996,21
C1,-34.605469756,-58.380668386800004,22
C1,-34.6051766862,-58.38051717729999,23
C1,-34.6050124894,-58.3803262375,24
C1,-34.604839875399996,-58.3800081443,25
C1,-34.604817384499995,-58.3794003725,26
C1,-34.6047875806,-58.378932327,27
C1,-34.6047682633,-58.378601744799994,28
C1,-34.604736527600004,-58.3784579113,29
C1,-34.604689338,-58.37835699319999,30
C1,-34.6046024098,-58.378242664,31
C1,-34.6044956122,-58.3781819791,32
C1,-34.6042069544,-58.3781088889,33
C1,-34.6039014617,-58.3780830726,34
C1,-34.6035959679,-58.3780626208,35
C1,-34.6032154098,-58.3781011775,36
C1,-34.6027377091,-58.3781075478,37
C1,-34.6016073329,-58.3781558275,38
C1,-34.6002120035,-58.3782309294,39
C1,-34.5989402905,-58.378273844700004,40
C1,-34.5976729738,-58.37838113310001,41
C1,-34.5963703111,-58.378429412799996,42
C1,-34.595884567199995,-58.3781772852,43
C1,-34.5955092177,-58.3778634667,44
C1,-34.5952530959,-58.3776301146,45
C1,-34.5948799515,-58.377274721899994,46
C1,-34.5944626461,-58.376865685,47
C1,-34.5932879972,-58.3759510517,48
C1,-34.5915039123,-58.3744704723,49
D0,-34.607850703000004,-58.3737784624,1
D0,-34.6076122802,-58.3742800355,2
D0,-34.607073618899996,-58.3753623068,3
D0,-34.6064731398,-58.376455307,4
D0,-34.6058196723,-58.37778568270001,5
D0,-34.6043935058,-58.380309641400004,6
D0,-34.6039839752,-58.3809587359,7
D0,-34.6034176936,-58.3823347092,8
D0,-34.6026052439,-58.383772373199996,9
D0,-34.6021769384,-58.3840620518,10
D0,-34.6016249951,-58.3845663071,11
D0,-34.6010035026,-58.3850973845,12
D0,-34.6006955143,-58.385531902299995,13
D0,-34.6004140186,-58.3859717846,14
D0,-34.6001546002,-58.3863902092,15
D0,-34.5998322579,-58.3869481087,16
D0,-34.5996468002,-58.3874684572,17
D0,-34.5995054987,-58.388074636499994,18
D0,-34.5994348479,-58.38901877399999,19
D0,-34.5994790047,-58.3899307251,20
D0,-34.599690956799996,-58.3940720558,21
D0,-34.5997318017,-58.3971820772,22
D0,-34.5997593996,-58.39873641729999,23
D0,-34.599620858099996,-58.399345949300006,24
D0,-34.5993763401,-58.3999983966,25
D0,-34.599120782199996,-58.40055964890001,26
D0,-34.5987901565,-58.401013612700005,27
D0,-34.5980748081,-58.401517868,28
D0,-34.5973241272,-58.4020113945,29
D0,-34.596591102800005,-58.40244323020001,30
D0,-34.5959287259,-58.402810692799996,31
D0,-34.5952221846,-58.403127193500005,32
D0,-34.5950234688,-58.4032210708,33
D0,-34.5947805933,-58.40332,34
D0,-34.5945134294,-58.40343028310001,35
D0,-34.5942595125,-58.403588533400004,36
D0,-34.5937207645,-58.404393196099996,37
D0,-34.593190845100004,-58.405251503,38
D0,-34.592696250500005,-58.4059810638,39
D0,-34.5890396924,-58.410100936899994,40
D0,-34.5888100481,-58.410401344300006,41
D0,-34.5873438427,-58.4125900269,42
D0,-34.585506633099996,-58.415336608900006,43
D0,-34.5839167074,-58.417739868199995,44
D0,-34.5821147549,-58.42033624649999,45
D0,-34.581469929,-58.4212911129,46
D0,-34.580886931500004,-58.4221386909,47
D0,-34.580109595100005,-58.423286676400004,48
D0,-34.579345501599995,-58.424322009099996,49
D0,-34.5789700774,-58.4247632325,50
D0,-34.578775739499996,-58.4250167012,51
D0,-34.5785372333,-58.4255129099,52
D0,-34.5782236407,-58.426381945600006,53
D0,-34.577715706599996,-58.4279966354,54
D0,-34.5772386874,-58.429434299499995,55
D0,-34.5766026575,-58.4317088127,56
D0,-34.5758782842,-58.4331679344,57
D0,-34.5751472791,-58.434881866000005,58
D0,-34.5736874582,-58.4378671646,59
D0,-34.5711078633,-58.4425234795,60
D0,-34.5699417188,-58.444948196400006,61
D0,-34.5661074617,-58.4523296356,62
D0,-34.565612705999996,-58.45316648479999,63
D0,-34.564923577100004,-58.4541964531,64
D0,-34.562025639,-58.4566855431,65
D0,-34.5582440313,-58.459968566899995,66
D0,-34.5555579252,-58.4625005722,67
D1,-34.5555579252,-58.4625005722,1
D1,-34.5582440313,-58.459968566899995,2
D1,-34.562025639,-58.4566855431,3
D1,-34.564923577100004,-58.4541964531,4
D1,-34.565612705999996,-58.45316648479999,5
D1,-34.5661074617,-58.4523296356,6
D1,-34.5699417188,-58.444948196400006,7
D1,-34.5711078633,-58.4425234795,8
D1,-34.5736874582,-58.4378671646,9
D1,-34.5751472791,-58.434881866000005,10
D1,-34.5758782842,-58.4331679344,11
D1,-34.5766026575,-58.4317088127,12
D1,-34.5772386874,-58.429434299499995,13
D1,-34.577715706599996,-58.4279966354,14
D1,-34.5782236407,-58.426381945600006,15
D1,-34.5785372333,-58.4255129099,16
D1,-34.578775739499996,-58.4250167012,17
D1,-34.5789700774,-58.4247632325,18
D1,-34.579345501599995,-58.424322009099996,19
D1,-34.580109595100005,-58.423286676400004,20
D1,-34.580886931500004,-58.4221386909,21
D1,-34.581469929,-58.4212911129,22
D1,-34.5821147549,-58.42033624649999,23
D1,-34.5839167074,-58.417739868199995,24
D1,-34.585506633099996,-58.415336608900006,25
D1,-34.5873438427,-58.4125900269,26
D1,-34.5888100481,-58.410401344300006,27
D1,-34.5890396924,-58.410100936899994,28
D1,-34.592696250500005,-58.4059810638,29
D1,-34.593190845100004,-58.405251503,30
D1,-34.5937207645,-58.404393196099996,31
D1,-34.5942595125,-58.403588533400004,32
D1,-34.5945134294,-58.40343028310001,33
D1,-34.5947805933,-58.40332,34
D1,-34.5950234688,-58.4032210708,35
D1,-34.5952221846,-58.403127193500005,36
D1,-34.5959287259,-58.402810692799996,37
D1,-34.596591102800005,-58.40244323020001,38
D1,-34.5973241272,-58.4020113945,39
D1,-34.5980748081,-58.401517868,40
D1,-34.5987901565,-58.401013612700005,41
D1,-34.599120782199996,-58.40055964890001,42
D1,-34.5993763401,-58.3999983966,43
D1,-34.599620858099996,-58.399345949300006,44
D1,-34.5997593996,-58.39873641729999,45
D1,-34.5997318017,-58.3971820772,46
D1,-34.599690956799996,-58.3940720558,47
D1,-34.5994790047,-58.3899307251,48
D1,-34.5994348479,-58.38901877399999,49
D1,-34.5995054987,-58.388074636499994,50
D1,-34.5996468002,-58.3874684572,51
D1,-34.5998322579,-58.3869481087,52
D1,-34.6001546002,-58.3863902092,53
D1,-34.6004140186,-58.3859717846,54
D1,-34.6006955143,-58.385531902299995,55
D1,-34.6010035026,-58.3850973845,56
D1,-34.6016249951,-58.3845663071,57
D1,-34.6021769384,-58.3840620518,58
D1,-34.6026052439,-58.383772373199996,59
D1,-34.6034176936,-58.3823347092,60
D1,-34.6039839752,-58.3809587359,61
D1,-34.6043935058,-58.380309641400004,62
D1,-34.6058196723,-58.37778568270001,63
D1,-34.6064731398,-58.376455307,64
D1,-34.607073618899996,-58.3753623068,65
D1,-34.6076122802,-58.3742800355,66
D1,-34.607850703000004,-58.3737784624,67
E0,-34.6431164831,-58.4616476297,1
E0,-34.6426354261,-58.4613794088,2
E0,-34.6420307909,-58.460899293400004,3
E0,-34.6412319595,-58.4599632025,4
E0,-34.6398990856,-58.458219766599996,5
E0,-34.6392216067,-58.457415103900004,6
E0,-34.638216412,-58.4563046694,7
E0,-34.6375990553,-58.4554812312,8
E0,-34.637034382399996,-58.4545974433,9
E0,-34.6365754965,-58.453672751800006,10
E0,-34.6362578473,-58.4524208307,11
E0,-34.6361916415,-58.45189914109999,12
E0,-34.6361960552,-58.451377451400006,13
E0,-34.6362490199,-58.450162410699996,14
E0,-34.636282122800004,-58.449459671999996,15
E0,-34.6362258478,-58.44919480380001,16
E0,-34.6361298494,-58.448999673100005,17
E0,-34.635993023699996,-58.448746204399995,18
E0,-34.635603510900005,-58.4480749816,19
E0,-34.634987238200004,-58.44704467800001,20
E0,-34.6345202031,-58.4461915679,21
E0,-34.6336206083,-58.444866389,22
E0,-34.6328779731,-58.4438357502,23
E0,-34.6324227885,-58.4432024136,24
E0,-34.631976429299996,-58.4427192807,25
E0,-34.631036253299996,-58.4421801567,26
E0,-34.629233116,-58.439753428100005,27
E0,-34.6288744702,-58.439264260200005,28
E0,-34.6287746009,-58.43886410819999,29
E0,-34.6286805249,-58.4382885229,30
E0,-34.6284010554,-58.436532765600006,31
E0,-34.628172623448,-58.434806093599995,32
E0,-34.6277830739,-58.4323257208,33
E0,-34.6270105905,-58.426730632799995,34
E0,-34.6258364021,-58.418828845,35
E0,-34.625461188,-58.4160661697,36
E0,-34.6249932715,-58.41210186479999,37
E0,-34.6247891091,-58.410308808100005,38
E0,-34.6246246751,-58.4089502692,39
E0,-34.6244370656,-58.4071236849,40
E0,-34.6237793251,-58.40217769149999,41
E0,-34.6234968041,-58.3998844028,42
E0,-34.6232054533,-58.397821783999994,43
E0,-34.6230134261,-58.395810127299995,44
E0,-34.6228920294,-58.3937501907,45
E0,-34.6227463531,-58.391497135200005,46
E0,-34.6223755395,-58.385843038599994,47
E0,-34.6223170479,-58.3843721822,48
E0,-34.6222538659,-58.383976304899996,49
E0,-34.6221288813,-58.383510690200005,50
E0,-34.6219957573,-58.3831920521,51
E0,-34.6218538041,-58.382894871800005,52
E0,-34.6216323898,-58.3825762337,53
E0,-34.6212961975,-58.3822575957,54
E0,-34.6208873021,-58.381962049799995,55
E0,-34.62047399,-58.3816289529,56
E0,-34.620047432199996,-58.3813870512,57
E0,-34.619612043000004,-58.3811505139,58
E0,-34.6190149655,-58.3809081092,59
E0,-34.6185723971,-58.3808749169,60
E0,-34.6176607648,-58.3809104562,61
E0,-34.6165112771,-58.380912467799995,62
E0,-34.6162007251,-58.380835186700004,63
E0,-34.6158725127,-58.3806935325,64
E0,-34.6154722132,-58.3803893533,65
E0,-34.6151557938,-58.380101267200004,66
E0,-34.6145494407,-58.379509002,67
E0,-34.614042832399996,-58.378933668100004,68
E0,-34.61344129999999,-58.3782215416,69
E0,-34.6130494737,-58.3778044581,70
E0,-34.6090163156,-58.373440504099996,71
E0,-34.6090472218,-58.373445868500006,72
E0,-34.608866199699996,-58.3732634783,73
E0,-34.6077447374,-58.3709567785,74
E0,-34.607334119499995,-58.370506167399995,75
E0,-34.6070603731,-58.3702433109,76
E0,-34.6065305387,-58.3701360226,77
E0,-34.605466444499996,-58.369985818900005,78
E0,-34.6048041383,-58.3700072765,79
E0,-34.6042985744,-58.3700636029,80
E0,-34.6037665147,-58.370098471599995,81
E0,-34.6027597866,-58.370152115799996,82
E0,-34.6018016174,-58.3702486753,83
E0,-34.6012121391,-58.3703237772,84
E0,-34.6006314879,-58.37038815020001,85
E0,-34.5995364084,-58.3706349134,86
E0,-34.5983750785,-58.3710157871,87
E0,-34.5975846584,-58.3714985847,88
E0,-34.5969267051,-58.3717882633,89
E0,-34.5959287259,-58.3722013235,90
E0,-34.5957962498,-58.3722496033,91
E0,-34.5948954073,-58.3726787567,92
E0,-34.5942683444,-58.373064994799996,93
E0,-34.5938620758,-58.3733814955,94
E0,-34.5936920606,-58.373563885699994,95
E0,-34.5935397091,-58.373746275900004,96
E0,-34.5933277412,-58.3740842342,97
E0,-34.5924886966,-58.3755433559,98
E1,-34.5924886966,-58.3755433559,1
E1,-34.5933277412,-58.3740842342,2
E1,-34.5935397091,-58.373746275900004,3
E1,-34.5936920606,-58.373563885699994,4
E1,-34.5938620758,-58.3733814955,5
E1,-34.5942683444,-58.373064994799996,6
E1,-34.5948954073,-58.3726787567,7
E1,-34.5957962498,-58.3722496033,8
E1,-34.5959287259,-58.3722013235,9
E1,-34.5969267051,-58.3717882633,10
E1,-34.5975846584,-58.3714985847,11
E1,-34.5983750785,-58.3710157871,12
E1,-34.5995364084,-58.3706349134,13
E1,-34.6006314879,-58.37038815020001,14
E1,-34.6012121391,-58.3703237772,15
E1,-34.6018016174,-58.3702486753,16
E1,-34.6027597866,-58.370152115799996,17
E1,-34.6037665147,-58.370098471599995,18
E1,-34.6042985744,-58.3700636029,19
E1,-34.6048041383,-58.3700072765,20
E1,-34.605466444499996,-58.369985818900005,21
E1,-34.6065305387,-58.3701360226,22
E1,-34.6070603731,-58.3702433109,23
E1,-34.607334119499995,-58.370506167399995,24
E1,-34.6077447374,-58.3709567785,25
E1,-34.608866199699996,-58.3732634783,26
E1,-34.6090472218,-58.373445868500006,27
E1,-34.6090163156,-58.373440504099996,28
E1,-34.6130494737,-58.3778044581,29
E1,-34.61344129999999,-58.3782215416,30
E1,-34.614042832399996,-58.378933668100004,31
E1,-34.6145494407,-58.379509002,32
E1,-34.6151557938,-58.380101267200004,33
E1,-34.6154722132,-58.3803893533,34
E1,-34.6158725127,-58.3806935325,35
E1,-34.6162007251,-58.380835186700004,36
E1,-34.6165112771,-58.380912467799995,37
E1,-34.6176607648,-58.3809104562,38
E1,-34.6185723971,-58.3808749169,39
E1,-34.6190149655,-58.3809081092,40
E1,-34.619612043000004,-58.3811505139,41
E1,-34.620047432199996,-58.3813870512,42
E1,-34.62047399,-58.3816289529,43
E1,-34.6208873021,-58.381962049799995,44
E1,-34.6212961975,-58.3822575957,45
E1,-34.6216323898,-58.3825762337,46
E1,-34.6218538041,-58.382894871800005,47
E1,-34.6219957573,-58.3831920521,48
E1,-34.6221288813,-58.383510690200005,49
E1,-34.6222538659,-58.383976304899996,50
E1,-34.6223170479,-58.3843721822,51
E1,-34.6223755395,-58.385843038599994,52
E1,-34.6227463531,-58.391497135200005,53
E1,-34.6228920294,-58.3937501907,54
E1,-34.6230134261,-58.395810127299995,55
E1,-34.6232054533,-58.397821783999994,56
E1,-34.6234968041,-58.3998844028,57
E1,-34.6237793251,-58.40217769149999,58
E1,-34.6244370656,-58.4071236849,59
E1,-34.6246246751,-58.4089502692,60
E1,-34.6247891091,-58.410308808100005,61
E1,-34.6249932715,-58.41210186479999,62
E1,-34.625461188,-58.4160661697,63
E1,-34.6258364021,-58.418828845,64
E1,-34.6270105905,-58.426730632799995,65
E1,-34.6277830739,-58.4323257208,66
E1,-34.628172623400005,-58.434806093599995,67
E1,-34.6284010554,-58.436532765600006,68
E1,-34.6286805249,-58.4382885229,69
E1,-34.6287746009,-58.43886410819999,70
E1,-34.6288744702,-58.439264260200005,71
E1,-34.629233116,-58.439753428100005,72
E1,-34.631036253299996,-58.4421801567,73
E1,-34.631976429299996,-58.4427192807,74
E1,-34.6324227885,-58.4432024136,75
E1,-34.6328779731,-58.4438357502,76
E1,-34.6336206083,-58.444866389,77
E1,-34.6345202031,-58.4461915679,78
E1,-34.634987238200004,-58.44704467800001,79
E1,-34.635603510900005,-58.4480749816,80
E1,-34.635993023699996,-58.448746204399995,81
E1,-34.6361298494,-58.448999673100005,82
E1,-34.6362258478,-58.44919480380001,83
E1,-34.636282122800004,-58.449459671999996,84
E1,-34.6362490199,-58.450162410699996,85
E1,-34.6361960552,-58.451377451400006,86
E1,-34.6361916415,-58.45189914109999,87
E1,-34.6362578473,-58.4524208307,88
E1,-34.6365754965,-58.453672751800006,89
E1,-34.637034382399996,-58.4545974433,90
E1,-34.6375990553,-58.4554812312,91
E1,-34.638216412,-58.4563046694,92
E1,-34.6392216067,-58.457415103900004,93
E1,-34.6398990856,-58.458219766599996,94
E1,-34.6412319595,-58.4599632025,95
E1,-34.6420307909,-58.460899293400004,96
E1,-34.6426354261,-58.4613794088,97
E1,-34.6431164831,-58.4616476297,98
H0,-34.582994735,-58.391240867700006,1
H0,-34.5839331946,-58.3918528974,2
H0,-34.5856094722,-58.393449943,3
H0,-34.5858270441,-58.393836232299996,4
H0,-34.5872369016,-58.3967692053,5
H0,-34.5875182871,-58.397234380200004,6
H0,-34.588405960900005,-58.3985567093,7
H0,-34.5890794384,-58.39970469470001,8
H0,-34.5894062387,-58.399951458000004,9
H0,-34.590682513800004,-58.4005737305,10
H0,-34.5923782953,-58.40141057970001,11
H0,-34.5944449823,-58.4023118019,12
H0,-34.596635261100005,-58.403127193500005,13
H0,-34.5984280673,-58.4037172794,14
H0,-34.600574084899996,-58.4044146538,15
H0,-34.602879005,-58.4050637484,16
H0,-34.6035860831,-58.405229748800004,17
H0,-34.6055812437,-58.405702114099995,18
H0,-34.6065614458,-58.4059488773,19
H0,-34.6077270765,-58.406109809899995,20
H0,-34.6101377607,-58.4059810638,21
H0,-34.6112327004,-58.405841589,22
H0,-34.6133695573,-58.4053051472,23
H0,-34.6146233898,-58.4049189091,24
H0,-34.615815396100004,-58.40458631520001,25
H0,-34.617086850700005,-58.404135704,26
H0,-34.6197709686,-58.4032022953,27
H0,-34.6210158754,-58.4028375149,28
H0,-34.6219429215,-58.4026122093,29
H0,-34.6229052727,-58.40235471729999,30
H0,-34.624432651199996,-58.4020221233,31
H0,-34.625598030999996,-58.401764631300004,32
H0,-34.627469667199996,-58.401324749,33
H0,-34.6297385281,-58.4009170532,34
H0,-34.6312481249,-58.400605917,35
H0,-34.631830769000004,-58.400444984399996,36
H0,-34.632625276999995,-58.400144577,37
H0,-34.6336846092,-58.3996725082,38
H0,-34.6359533001,-58.398900032,39
H0,-34.636416741,-58.398889303199994,40
H0,-34.6368239048,-58.399208486099994,41
H0,-34.6370810018,-58.3995598555,42
H0,-34.6372509281,-58.4000372887,43
H0,-34.6381822065,-58.404661417,44
H0,-34.6384432991,-58.406195305299995,45
H0,-34.6385275023,-58.406694028500006,46
H0,-34.6385675695,-58.4072785825,47
H0,-34.6384453679,-58.408511728,48
H0,-34.6384216448,-58.4090897441,49
H0,-34.6386478417,-58.4100955725,50
H0,-34.638870727800004,-58.4108519554,51
H0,-34.6391421625,-58.4113079309,52
H0,-34.6394993741,-58.4117204545,53
H0,-34.6419002812,-58.412750155699996,54
H1,-34.6419002812,-58.412750155699996,1
H1,-34.6394993741,-58.4117204545,2
H1,-34.6391421625,-58.4113079309,3
H1,-34.638870727800004,-58.4108519554,4
H1,-34.6386478417,-58.4100955725,5
H1,-34.6384216448,-58.4090897441,6
H1,-34.6384453679,-58.408511728,7
H1,-34.6385675695,-58.4072785825,8
H1,-34.6385275023,-58.406694028500006,9
H1,-34.6384432991,-58.406195305299995,10
H1,-34.6381822065,-58.404661417,11
H1,-34.6372509281,-58.4000372887,12
H1,-34.6370810018,-58.3995598555,13
H1,-34.6368239048,-58.399208486099994,14
H1,-34.636416741,-58.398889303199994,15
H1,-34.6359533001,-58.398900032,16
H1,-34.6336846092,-58.3996725082,17
H1,-34.632625276999995,-58.400144577,18
H1,-34.631830769000004,-58.400444984399996,19
H1,-34.6312481249,-58.400605917,20
H1,-34.6297385281,-58.4009170532,21
H1,-34.627469667199996,-58.401324749,22
H1,-34.625598030999996,-58.401764631300004,23
H1,-34.624432651199996,-58.4020221233,24
H1,-34.6229052727,-58.40235471729999,25
H1,-34.6219429215,-58.4026122093,26
H1,-34.6210158754,-58.4028375149,27
H1,-34.6197709686,-58.4032022953,28
H1,-34.617086850700005,-58.404135704,29
H1,-34.615815396100004,-58.40458631520001,30
H1,-34.6146233898,-58.4049189091,31
H1,-34.6133695573,-58.4053051472,32
H1,-34.6112327004,-58.405841589,33
H1,-34.6101377607,-58.4059810638,34
H1,-34.6077270765,-58.406109809899995,35
H1,-34.6065614458,-58.4059488773,36
H1,-34.6055812437,-58.405702114099995,37
H1,-34.6035860831,-58.405229748800004,38
H1,-34.602879005,-58.4050637484,39
H1,-34.600574084899996,-58.4044146538,40
H1,-34.5984280673,-58.4037172794,41
H1,-34.596635261100005,-58.403127193500005,42
H1,-34.5944449823,-58.4023118019,43
H1,-34.5923782953,-58.40141057970001,44
H1,-34.590682513800004,-58.4005737305,45
H1,-34.5894062387,-58.399951458000004,46
H1,-34.5890794384,-58.39970469470001,47
H1,-34.588405960900005,-58.3985567093,48
H1,-34.5875182871,-58.397234380200004,49
H1,-34.5872369016,-58.3967692053,50
H1,-34.5858270441,-58.393836232299996,51
H1,-34.5856094722,-58.393449943,52
H1,-34.5839331946,-58.3918528974,53
H1,-34.582994735,-58.391240867700006,54
P1-0,-34.643257830500005,-58.461526166000006,1
P1-0,-34.6438662906,-58.4611415941,2
P1-0,-34.644420603200004,-58.4606792402,3
P1-0,-34.6457941506,-58.4592507367,4
P1-0,-34.6483572243,-58.456664529099996,5
P1-0,-34.6499503091,-58.454861926099994,6
P1-0,-34.6501895563,-58.4544780733,7
P1-0,-34.6503432155,-58.4543622628,8
P1-0,-34.6506243389,-58.454355540600005,9
P1-0,-34.651205076,-58.4545110079,10
P1-0,-34.6514579495,-58.454639246199996,11
P1-0,-34.6516438895,-58.4546929661,12
P1-0,-34.6521158315,-58.454787634700004,13
P1-0,-34.6523363162,-58.4549455905,14
P1-0,-34.6537645862,-58.4566286312,15
P1-0,-34.6539077786,-58.456738372,16
P1-0,-34.6541141206,-58.4567795293,17
P1-0,-34.6543095011,-58.456654452399995,18
P1-0,-34.6574327958,-58.452635565600005,19
P1-0,-34.659579500700005,-58.4498838756,20
P1-0,-34.6609181428,-58.4481873767,21
P1-0,-34.662296611100004,-58.446513182,22
P1-0,-34.6627073571,-58.4459983072,23
P1-0,-34.662757539699996,-58.445936547399995,24
P1-0,-34.6628182115,-58.4459100832,25
P1-0,-34.662876998899996,-58.445928521599996,26
P1-0,-34.662945064,-58.445978453500004,27
P1-0,-34.6641573493,-58.447444940699995,28
P1-0,-34.6655368584,-58.449124058,29
P1-0,-34.6656046568,-58.4494264658,30
P1-0,-34.6657178261,-58.4506163884,31
P1-0,-34.665791901300004,-58.4509316851,32
P1-0,-34.6659302052,-58.451238806800006,33
P1-0,-34.6661646912,-58.451450371499995,34
P1-0,-34.666483590700004,-58.451587134099995,35
P1-0,-34.667324008499996,-58.451863979399995,36
P1-0,-34.6676114442,-58.452030198,37
P1-0,-34.6678538377,-58.4522283379,38
P1-0,-34.668086510900004,-58.452497611300004,39
P1-0,-34.6683216972,-58.453010171,40
P1-0,-34.668527822399994,-58.453515158100004,41
P1-0,-34.6687270014,-58.4538650176,42
P1-0,-34.669399186599996,-58.454581918,43
P1-0,-34.6702369308,-58.4555066123,44
P1-0,-34.6711414788,-58.4564662642,45
P1-0,-34.671843879099995,-58.457193656,46
P1-0,-34.6726104072,-58.457975663199996,47
P1-0,-34.6728284531,-58.458099868599994,48
P1-0,-34.673036259899995,-58.4581341672,49
P1-0,-34.673370159499996,-58.4581026679,50
P1-0,-34.6735555847,-58.458104866899994,51
P1-0,-34.6737511563,-58.458244014399995,52
P1-0,-34.673874152399996,-58.4584782342,53
P1-0,-34.6738973639,-58.4588510599,54
P1-0,-34.6739385294,-58.45919398229999,55
P1-0,-34.674064313,-58.459560204,56
P1-0,-34.674533553,-58.460138119899995,57
P1-0,-34.6752435571,-58.4609703776,58
P1-0,-34.6760908715,-58.4620751075,59
P1-0,-34.676763691,-58.4628700067,60
P1-0,-34.6778405497,-58.464182391,61
P1-0,-34.6786760754,-58.464892425100004,62
P1-0,-34.6793115873,-58.4653608806,63
P1-0,-34.680189390900004,-58.4662541952,64
P1-0,-34.6805869413,-58.466885767600004,65
P1-0,-34.680726577600005,-58.467097168900004,66
P1-0,-34.6809465415,-58.4672777874,67
P1-0,-34.6811252911,-58.46731861470001,68
P1-0,-34.6813339625,-58.467257224099995,69
P1-0,-34.681606170100004,-58.467032637299994,70
P1-0,-34.683543477600004,-58.4651479454,71
P1-1,-34.683543477600004,-58.4651479454,1
P1-1,-34.681606170100004,-58.467032637299994,2
P1-1,-34.6813339625,-58.467257224099995,3
P1-1,-34.6811252911,-58.46731861470001,4
P1-1,-34.6809465415,-58.4672777874,5
P1-1,-34.680726577600005,-58.467097168900004,6
P1-1,-34.6805869413,-58.466885767600004,7
P1-1,-34.680189390900004,-58.4662541952,8
P1-1,-34.6793115873,-58.4653608806,9
P1-1,-34.6786760754,-58.464892425100004,10
P1-1,-34.6778405497,-58.464182391,11
P1-1,-34.676763691,-58.4628700067,12
P1-1,-34.6760908715,-58.4620751075,13
P1-1,-34.6752435571,-58.4609703776,14
P1-1,-34.674533553,-58.460138119899995,15
P1-1,-34.674064313,-58.459560204,16
P1-1,-34.6739385294,-58.45919398229999,17
P1-1,-34.6738973639,-58.4588510599,18
P1-1,-34.673874152399996,-58.4584782342,19
P1-1,-34.6737511563,-58.458244014399995,20
P1-1,-34.6735555847,-58.458104866899994,21
P1-1,-34.673370159499996,-58.4581026679,22
P1-1,-34.673036259899995,-58.4581341672,23
P1-1,-34.6728284531,-58.458099868599994,24
P1-1,-34.6726104072,-58.457975663199996,25
P1-1,-34.671843879099995,-58.457193656,26
P1-1,-34.6711414788,-58.4564662642,27
P1-1,-34.6702369308,-58.4555066123,28
P1-1,-34.669399186599996,-58.454581918,29
P1-1,-34.6687270014,-58.4538650176,30
P1-1,-34.668527822399994,-58.453515158100004,31
P1-1,-34.6683216972,-58.453010171,32
P1-1,-34.668086510900004,-58.452497611300004,33
P1-1,-34.6678538377,-58.4522283379,34
P1-1,-34.6676114442,-58.452030198,35
P1-1,-34.667324008499996,-58.451863979399995,36
P1-1,-34.666483590700004,-58.451587134099995,37
P1-1,-34.6661646912,-58.451450371499995,38
P1-1,-34.6659302052,-58.451238806800006,39
P1-1,-34.665791901300004,-58.4509316851,40
P1-1,-34.6657178261,-58.4506163884,41
P1-1,-34.6656046568,-58.4494264658,42
P1-1,-34.6655368584,-58.449124058,43
P1-1,-34.664679666,-58.44707137859999,44
P1-1,-34.663795765,-58.4449655698,45
P1-1,-34.6637313306,-58.4448920799,46
P1-1,-34.663666390900005,-58.4448794224,47
P1-1,-34.663586888699996,-58.444911213199994,48
P1-1,-34.663513138,-58.4449885817,49
P1-1,-34.662296611100004,-58.446513182,50
P1-1,-34.6609181428,-58.4481873767,51
P1-1,-34.659579500700005,-58.4498838756,52
P1-1,-34.6574327958,-58.452635565600005,53
P1-1,-34.6543095011,-58.456654452399995,54
P1-1,-34.6541141206,-58.4567795293,55
P1-1,-34.6539077786,-58.456738372,56
P1-1,-34.6537645862,-58.4566286312,57
P1-1,-34.6523363162,-58.4549455905,58
P1-1,-34.6521158315,-58.454787634700004,59
P1-1,-34.6516438895,-58.4546929661,60
P1-1,-34.6514579495,-58.454639246199996,61
P1-1,-34.651205076,-58.4545110079,62
P1-1,-34.6506243389,-58.454355540600005,63
P1-1,-34.6503432155,-58.4543622628,64
P1-1,-34.6501895563,-58.4544780733,65
P1-1,-34.6499503091,-58.454861926099994,66
P1-1,-34.6483572243,-58.456664529099996,67
P1-1,-34.6457941506,-58.4592507367,68
P1-1,-34.644420603200004,-58.4606792402,69
P1-1,-34.6438662906,-58.4611415941,70
P1-1,-34.643257830500005,-58.461526166000006,71
P2-0,-34.643257830500005,-58.461526166000006,1
P2-0,-34.6438662906,-58.4611415941,2
P2-0,-34.644420603200004,-58.4606792402,3
P2-0,-34.6457941506,-58.4592507367,4
P2-0,-34.6483572243,-58.456664529099996,5
P2-0,-34.6499503091,-58.454861926099994,6
P2-0,-34.6501895563,-58.4544780733,7
P2-0,-34.6503432155,-58.4543622628,8
P2-0,-34.6506243389,-58.454355540600005,9
P2-0,-34.651205076,-58.4545110079,10
P2-0,-34.6514579495,-58.454639246199996,11
P2-0,-34.6516438895,-58.4546929661,12
P2-0,-34.6521158315,-58.454787634700004,13
P2-0,-34.6523363162,-58.4549455905,14
P2-0,-34.6537645862,-58.4566286312,15
P2-0,-34.6539077786,-58.456738372,16
P2-0,-34.6541141206,-58.4567795293,17
P2-0,-34.6543095011,-58.456654452399995,18
P2-0,-34.6574327958,-58.452635565600005,19
P2-0,-34.659579500700005,-58.4498838756,20
P2-0,-34.6609181428,-58.4481873767,21
P2-0,-34.662296611100004,-58.446513182,22
P2-0,-34.6627173518,-58.4459865663,23
P2-0,-34.6627592504,-58.445935645,24
P2-0,-34.6628181548,-58.4459099611,25
P2-0,-34.6628769458,-58.4459280267,26
P2-0,-34.6629438856,-58.44597652109999,27
P2-0,-34.6641600388,-58.4474490177,28
P2-0,-34.6655368584,-58.449124058,29
P2-0,-34.6656046568,-58.4494264658,30
P2-0,-34.6657178261,-58.4506163884,31
P2-0,-34.665791901300004,-58.4509316851,32
P2-0,-34.6659302052,-58.451238806800006,33
P2-0,-34.6661646912,-58.451450371499995,34
P2-0,-34.666483590700004,-58.451587134099995,35
P2-0,-34.667324008499996,-58.451863979399995,36
P2-0,-34.6676114442,-58.452030198,37
P2-0,-34.6678538377,-58.4522283379,38
P2-0,-34.668086510900004,-58.452497611300004,39
P2-0,-34.6683216972,-58.453010171,40
P2-0,-34.668527822399994,-58.453515158100004,41
P2-0,-34.6687270014,-58.4538650176,42
P2-0,-34.669399186599996,-58.454581918,43
P2-0,-34.6702369308,-58.4555066123,44
P2-0,-34.6711414788,-58.4564662642,45
P2-0,-34.671843879099995,-58.457193656,46
P2-0,-34.6726104072,-58.457975663199996,47
P2-0,-34.6728284531,-58.458099868599994,48
P2-0,-34.673036259899995,-58.4581341672,49
P2-0,-34.673370159499996,-58.4581026679,50
P2-0,-34.6735555847,-58.458104866899994,51
P2-0,-34.6737511563,-58.458244014399995,52
P2-0,-34.673874152399996,-58.4584782342,53
P2-0,-34.6738973639,-58.4588510599,54
P2-0,-34.6739385294,-58.45919398229999,55
P2-0,-34.674064313,-58.459560204,56
P2-0,-34.674533553,-58.460138119899995,57
P2-0,-34.6752435571,-58.4609703776,58
P2-0,-34.6760908715,-58.4620751075,59
P2-0,-34.676763691,-58.4628700067,60
P2-0,-34.6778405497,-58.464182391,61
P2-0,-34.6786760754,-58.464892425100004,62
P2-0,-34.6793115873,-58.4653608806,63
P2-0,-34.6799277817,-58.46582588850001,64
P2-0,-34.6800978179,-58.4658456004,65
P2-0,-34.6803424286,-58.4657026212,66
P2-0,-34.680814204899995,-58.4650410482,67
P2-0,-34.6821277163,-58.4632640868,68
P2-0,-34.683924248400004,-58.4608049647,69
P2-0,-34.6851440162,-58.4592089893,70
P2-0,-34.6862186214,-58.4577638029,71
P2-0,-34.686387982,-58.4576256741,72
P2-0,-34.6866166887,-58.4576031653,73
P2-0,-34.6867997942,-58.457749615,74
P2-0,-34.6871569507,-58.4581543966,75
P2-0,-34.6881296806,-58.4592338128,76
P2-0,-34.689598469,-58.4608185587,77
P2-1,-34.689598469,-58.4608185587,1
P2-1,-34.6881296806,-58.4592338128,2
P2-1,-34.6871569507,-58.4581543966,3
P2-1,-34.6867997942,-58.457749615,4
P2-1,-34.6866166887,-58.4576031653,5
P2-1,-34.686387982,-58.4576256741,6
P2-1,-34.6862186214,-58.4577638029,7
P2-1,-34.6851440162,-58.4592089893,8
P2-1,-34.683924248400004,-58.4608049647,9
P2-1,-34.6821277163,-58.4632640868,10
P2-1,-34.680814204899995,-58.4650410482,11
P2-1,-34.6803424286,-58.4657026212,12
P2-1,-34.6800978179,-58.4658456004,13
P2-1,-34.6799277817,-58.46582588850001,14
P2-1,-34.6793115873,-58.4653608806,15
P2-1,-34.6786760754,-58.464892425100004,16
P2-1,-34.6778405497,-58.464182391,17
P2-1,-34.676763691,-58.4628700067,18
P2-1,-34.6760908715,-58.4620751075,19
P2-1,-34.6752435571,-58.4609703776,20
P2-1,-34.674533553,-58.460138119899995,21
P2-1,-34.674064313,-58.459560204,22
P2-1,-34.6739385294,-58.45919398229999,23
P2-1,-34.6738973639,-58.4588510599,24
P2-1,-34.673874152399996,-58.4584782342,25
P2-1,-34.6737511563,-58.458244014399995,26
P2-1,-34.6735555847,-58.458104866899994,27
P2-1,-34.673370159499996,-58.4581026679,28
P2-1,-34.673036259899995,-58.4581341672,29
P2-1,-34.6728284531,-58.458099868599994,30
P2-1,-34.6726104072,-58.457975663199996,31
P2-1,-34.671843879099995,-58.457193656,32
P2-1,-34.6711414788,-58.4564662642,33
P2-1,-34.6702369308,-58.4555066123,34
P2-1,-34.669399186599996,-58.454581918,35
P2-1,-34.6687270014,-58.4538650176,36
P2-1,-34.668527822399994,-58.453515158100004,37
P2-1,-34.6683216972,-58.453010171,38
P2-1,-34.668086510900004,-58.452497611300004,39
P2-1,-34.6678538377,-58.4522283379,40
P2-1,-34.6676114442,-58.452030198,41
P2-1,-34.667324008499996,-58.451863979399995,42
P2-1,-34.666483590700004,-58.451587134099995,43
P2-1,-34.6661646912,-58.451450371499995,44
P2-1,-34.6659302052,-58.451238806800006,45
P2-1,-34.665791901300004,-58.4509316851,46
P2-1,-34.6657178261,-58.4506163884,47
P2-1,-34.6656046568,-58.4494264658,48
P2-1,-34.6655368584,-58.449124058,49
P2-1,-34.664679666,-58.44707137859999,50
P2-1,-34.663795765,-58.4449655698,51
P2-1,-34.6637313306,-58.4448920799,52
P2-1,-34.663666390900005,-58.4448794224,53
P2-1,-34.663586888699996,-58.444911213199994,54
P2-1,-34.663513138,-58.4449885817,55
P2-1,-34.662296611100004,-58.446513182,56
P2-1,-34.6609181428,-58.4481873767,57
P2-1,-34.659579500700005,-58.4498838756,58
P2-1,-34.6574327958,-58.452635565600005,59
P2-1,-34.6543095011,-58.456654452399995,60
P2-1,-34.6541141206,-58.4567795293,61
P2-1,-34.6539077786,-58.456738372,62
P2-1,-34.6537645862,-58.4566286312,63
P2-1,-34.6523363162,-58.4549455905,64
P2-1,-34.6521158315,-58.454787634700004,65
P2-1,-34.6516438895,-58.4546929661,66
P2-1,-34.6514579495,-58.454639246199996,67
P2-1,-34.651205076,-58.4545110079,68
P2-1,-34.6506243389,-58.454355540600005,69
P2-1,-34.6503432155,-58.4543622628,70
P2-1,-34.6501895563,-58.4544780733,71
P2-1,-34.6499503091,-58.454861926099994,72
P2-1,-34.6483572243,-58.456664529099996,73
P2-1,-34.6457941506,-58.4592507367,74
P2-1,-34.644420603200004,-58.4606792402,75
P2-1,-34.6438662906,-58.4611415941,76
P2-1,-34.643257830500005,-58.461526166000006,77
